773394870646997023
558517033138913281
234395307759108106
877461971392421908
877463702880780299
877462231841918976
877462383717646386
877462794109325343
778559275428610048
875689611979018250
875569245805740094
875692259323052092
877462277975072768
875688622379118603
875621522297987074
877454861267009577
877463495925432380
875624856715153448
875572306955599882
877495488851623957
877463761047408671
877462768872226816
876043400590274560
875623577448235048
875568625933766677
877493140523745290
875702933822525451
877460410293432351
874200531357286402
875571826707816449
877462145397309440
877492689946443816
875702538865877002
877462182575616010
877463679078117397
877462909607903232
875624910792306738
877462733543579649
877463756412710912
850693690258227213
877462949990654013
850694526657232926
877462272501514321
876046994920071189
875568488742281236
877464606430351400
877454121307885608
877492112638230538
877463542754848778
877462493331611679
876044773499215912
877462531998908427
877462412075343892
877461573583650816
850691252416675861
877463594214772749
877455064355188796
875701278875983892
877453076074754120
875622200516947968
877462067731374120
877462759816699945
875688735126224897
875706334279000064
743375366181355521
877462148601741324
877497191969730570
875693540439625749
877460272523141160
877462155555917844
877455109456556052
836952143344304141
877463096191492157
877494567316906014
877491406569095178
877462739692421160
877490561316167681
877463289066577951
877461738654691328
875626128117760030
877460105644363827
875623665973202954
877462100140785664
877462115131228182
876044256618356836
877462412654166046
877491358179422238
877462285814206495
788792740270833684
876045339122106369
877462242709368862
877462709866725376
844679867701264414
875621471706284033
877498182748229673
877462091680841729
875622385225715713
877462329007153272
877491352332537897
875706145203974185
875702971688701994
877454305387499570
875569556935036960
875704958006198333
877462326301831230
877460110102921227
877462232693366784
877462554660720640
877492430126084107
877462784881881118
875569963673473025
875688633825366026
875569067438784512
652545428176371722
777822336346488873
877463405605298236
877459681474412555
877463352769642537
877464541653528616
877494613856886854
876044094428839946
877463154890788914
877491392362995752
852975374833156116
875693938286149643
655055259726774285
877462747992973352
877463176692785183
877464587027505174
876047027367206952
877462658809483304
877461907320209458
877461880824823808
876324407688192060
877493511446999041
850692305127473182
877463358192885800
875704255548387339
877462965895462912
876040654784974858
877464544828596255
877462279002673183
877463501080260628
877463310562390066
877463222431645707
877463755150196777
877498446783840297
877462859125256234
875693397866840086
877462148941484062
877462802552467506
877462779047575563
877452806666194955
877462365535371294
877463397900361739
802845525459337238
877463302870011924
877462246945595423
877462099243180104
793898300147236915
875703840253562972
877497518353682442
875571163005354034
850691217209163796
877462637263351888
877462700685398066
877462914963996734
877462148849209374
875568304654278679
877497795194535986
876042576464064523
876043586137886722
875703345677996032
877463054898589697
875626091312721920
877463159236096021
877463290492629055
876046531139108884
877462410338910208
875703724142641172
877462353908744252
877463180480229397
875689197753729104
877463180572508220
877462824320921623
877463578087686175
875626056873291797
875568654417272872
877462714727936040
875694348099006465
876041141747871784
850691216865624074
877463842815356948
290730119679574026
875625872663654440
877462724978831412
877462232898879558
877462374355992586
877464582476660737
877463810657632276
877462045023416321
877462245901217813
877462080582729758
877464585307815989
877462937479024640
877460974213410826
877463885815361566
877462847989379114
875705568558473256
875570659701428235
877464586515800074
877462455721283615
875690289946316830
877462925575602196
877462285575147582
877463474383499315
877462043983216682
875625861116731402
877493579847704637
875624613877522463
877463289024630786
877463543077810187
877462682758946847
875568026542555167
877464584217305118
877455045954789378
877463591178080297
877463566935015474
875626074187390986
876041284207394817
875568277844291615
827033067586846720
848389345785413653
875701311205675038
877463551617429546
877491499737161769
853089607888273459
877462432799420417
790873179731918849
877462233435766815
877462093060775946
875705923883106317
847540695787241493
875570236005421057
877462326188576768
875689425475076127
877462816972492860
871085434300686406
877463348957032498
877462778057736232
875706021635555358
875571321151565844
877462725142396949
802846400395739177
876044773608275969
877462248833036310
877453729132077077
877497500272033792
877463121973874719
877462724341284895
877498153883009095
877463468398243840
877492511554297876
877464586637422612
877490335402586133
877462669769183314
877461974382948433
877462456371384370
877463027660759040
876043811497848834
877462046269124649
877464584804511784
877462898987900968
875568846675804180
877462509559369760
771232684768493588
877463247089958932
877463599726092339
875692846785634304
876046364524560404
875568690240831498
877491143120650310
877492307757248585
818116877645250560
842338416729522207
875626048589557790
870220735363301426
877463598488764416
877462120969682964
877462509626458142
876044478652252191
877463551525158942
875570871383765012
877462474197188668
876043543628619806
837696125673930782
573521657247956992
723384922315816990
877462430962319372
877462555717668894
875623754892447814
876047155196997673
877494378283814943
876041894449270794
821448516437147708
877492731671371846
877463467332866058
877462801336131605
